m = [3.4525, 3.4821, 4.05623, 3.4822, 2.1633, 2.3466, 3.129];
% rx = [0, -0.03441, -0.02, 0, 0, 0.000001, 0.0000237];
% ry = [0.06949, 0, -0.089, -0.034412, 0.14, 0.000485, -0.0002707];
% rz = [-0.03423, 0.06733, -0.02906, 0.067329, -0.02137, 0.002115, 0.063866];
Ixx = [0.02183, 0.02076, 0.03204, 0.02178, 0.01287, 0.006509, 0.01464];
Iyy = [0.007703, 0.02179, 0.00972, 0.02075, 0.005708, 0.006259, 0.01465];
Izz = [0.02083, 0.00779, 0.03042, 0.007785, 0.01112, 0.004527, 0.002872];
Ixy = [-1.1785*10^-8, -4.1482*10^-8, -1.6251*10^-8, 8.3438*10^-8, 4.6669*10^-8, 2.6398*10^-8, 0.0005912];
Iyz = [-0.003887, -4.7255*10^-8, 0.006227, -0.003625, -0.003946, 0.00031891, 1.35593*10^-5];
Izx = [-8.01381*10^-9, -0.003626, 4.9393*10^-8, 5.6097*10^-8, 6.2225*10^-8, 7.07101*10^-9, -2.55604*10^-6];

% param_matrix = [m;rx;ry;rz;Ixx;Iyy;Izz;Ixy;Iyz;Izx];