g = 9.80665; %m/s^2

m = [3.4525, 3.4821, 4.05623, 3.4822, 2.1633, 2.3466, 3.129];
m1 = m(1);
m2 = m(2); 
m3 = m(3);
m4 = m(4);
m5 = m(5);
m6 = m(6);
m7 = m(7);

Ixx = [0.02183, 0.02076, 0.03204, 0.02178, 0.01287, 0.006509, 0.01464];
Ixx1 = Ixx(1);
Ixx2 = Ixx(2);
Ixx3 = Ixx(3);
Ixx4 = Ixx(4);
Ixx5 = Ixx(5);
Ixx6 = Ixx(6);
Ixx7 = Ixx(7);

Iyy = [0.007703, 0.02179, 0.00972, 0.02075, 0.005708, 0.006259, 0.01465];
Iyy1 = Iyy(1);
Iyy2 = Iyy(2);
Iyy3 = Iyy(3);
Iyy4 = Iyy(4);
Iyy5 = Iyy(5);
Iyy6 = Iyy(6);
Iyy7 = Iyy(7);

Izz = [0.02083, 0.00779, 0.03042, 0.007785, 0.01112, 0.004527, 0.002872];
Izz1 = Izz(1);
Izz2 = Izz(2);
Izz3 = Izz(3);
Izz4 = Izz(4);
Izz5 = Izz(5);
Izz6 = Izz(6);
Izz7 = Izz(7);

L1 = 0.34;
L2 = 0.4;
L3 = 0.4;
L4 = 0.126;