L1 = 0.34;
L2 = 0.4;
L3 = 0.4;
L4 = 0.126;
DH_iiwa7 = [0,L1,0,pi/2;...
            0,0,0,-pi/2;...
            0,L2,0,-pi/2;...
            0,0,0,pi/2;...
            0,L3,0,pi/2;...
            0,0,0,-pi/2;...
            0,L4,0,pi/2];